0.002000	1.001000
0.003000	1.002000
0.004000	1.003000
0.005000	1.004000
0.006000	1.005000
0.007000	1.006000
0.008000	1.007000
0.009000	1.008000
0.010000	1.009000
0.011000	1.010000
0.012000	1.011000
0.013000	1.011999
0.014000	1.012999
0.015000	1.013999
0.016000	1.014999
0.017000	1.015999
0.018000	1.016998
0.019000	1.017998
0.020000	1.018998
0.021000	1.019997
0.022000	1.020997
0.023000	1.021996
0.024000	1.022996
0.025000	1.023995
0.026000	1.024995
0.027000	1.025994
0.028000	1.026993
0.029000	1.027993
0.030000	1.028992
0.031000	1.029991
0.032000	1.030990
0.033000	1.031989
0.034000	1.032988
0.035000	1.033987
0.036000	1.034985
0.037000	1.035984
0.038000	1.036983
0.039000	1.037981
0.040000	1.038980
0.041000	1.039978
0.042000	1.040977
0.043000	1.041975
0.044000	1.042973
0.045000	1.043971
0.046000	1.044969
0.047000	1.045967
0.048000	1.046965
0.049000	1.047962
0.050000	1.048960
0.051000	1.049957
0.052000	1.050955
0.053000	1.051952
0.054000	1.052949
0.055000	1.053946
0.056000	1.054943
0.057000	1.055940
0.058000	1.056937
0.059000	1.057933
0.060000	1.058929
0.061000	1.059926
0.062000	1.060922
0.063000	1.061918
0.064000	1.062914
0.065000	1.063910
0.066000	1.064905
0.067000	1.065901
0.068000	1.066896
0.069000	1.067891
0.070000	1.068887
0.071000	1.069882
0.072000	1.070876
0.073000	1.071871
0.074000	1.072865
0.075000	1.073860
0.076000	1.074854
0.077000	1.075848
0.078000	1.076842
0.079000	1.077836
0.080000	1.078829
0.081000	1.079822
0.082000	1.080816
0.083000	1.081809
0.084000	1.082801
0.085000	1.083794
0.086000	1.084786
0.087000	1.085779
0.088000	1.086771
0.089000	1.087763
0.090000	1.088754
0.091000	1.089746
0.092000	1.090737
0.093000	1.091728
0.094000	1.092719
0.095000	1.093710
0.096000	1.094700
0.097000	1.095691
0.098000	1.096681
0.099000	1.097671
0.100000	1.098660
0.101000	1.099650
0.102000	1.100639
0.103000	1.101628
0.104000	1.102617
0.105000	1.103605
0.106000	1.104594
0.107000	1.105582
0.108000	1.106569
0.109000	1.107557
0.110000	1.108544
0.111000	1.109531
0.112000	1.110518
0.113000	1.111505
0.114000	1.112491
0.115000	1.113477
0.116000	1.114463
0.117000	1.115449
0.118000	1.116434
0.119000	1.117419
0.120000	1.118404
0.121000	1.119389
0.122000	1.120373
0.123000	1.121357
0.124000	1.122341
0.125000	1.123324
0.126000	1.124307
0.127000	1.125290
0.128000	1.126273
0.129000	1.127255
0.130000	1.128237
0.131000	1.129219
0.132000	1.130200
0.133000	1.131181
0.134000	1.132162
0.135000	1.133143
0.136000	1.134123
0.137000	1.135103
0.138000	1.136083
0.139000	1.137062
0.140000	1.138041
0.141000	1.139020
0.142000	1.139998
0.143000	1.140976
0.144000	1.141954
0.145000	1.142931
0.146000	1.143908
0.147000	1.144885
0.148000	1.145861
0.149000	1.146837
0.150000	1.147813
0.151000	1.148788
0.152000	1.149763
0.153000	1.150738
0.154000	1.151712
0.155000	1.152686
0.156000	1.153660
0.157000	1.154633
0.158000	1.155606
0.159000	1.156578
0.160000	1.157550
0.161000	1.158522
0.162000	1.159493
0.163000	1.160464
0.164000	1.161435
0.165000	1.162405
0.166000	1.163375
0.167000	1.164345
0.168000	1.165314
0.169000	1.166282
0.170000	1.167251
0.171000	1.168219
0.172000	1.169186
0.173000	1.170153
0.174000	1.171120
0.175000	1.172086
0.176000	1.173052
0.177000	1.174017
0.178000	1.174982
0.179000	1.175947
0.180000	1.176911
0.181000	1.177875
0.182000	1.178838
0.183000	1.179801
0.184000	1.180764
0.185000	1.181726
0.186000	1.182687
0.187000	1.183648
0.188000	1.184609
0.189000	1.185569
0.190000	1.186529
0.191000	1.187488
0.192000	1.188447
0.193000	1.189406
0.194000	1.190364
0.195000	1.191321
0.196000	1.192278
0.197000	1.193235
0.198000	1.194191
0.199000	1.195146
0.200000	1.196102
0.201000	1.197056
0.202000	1.198010
0.203000	1.198964
0.204000	1.199917
0.205000	1.200870
0.206000	1.201822
0.207000	1.202774
0.208000	1.203725
0.209000	1.204676
0.210000	1.205626
0.211000	1.206576
0.212000	1.207525
0.213000	1.208473
0.214000	1.209421
0.215000	1.210369
0.216000	1.211316
0.217000	1.212263
0.218000	1.213209
0.219000	1.214154
0.220000	1.215099
0.221000	1.216043
0.222000	1.216987
0.223000	1.217930
0.224000	1.218873
0.225000	1.219815
0.226000	1.220757
0.227000	1.221698
0.228000	1.222639
0.229000	1.223579
0.230000	1.224518
0.231000	1.225457
0.232000	1.226395
0.233000	1.227333
0.234000	1.228270
0.235000	1.229206
0.236000	1.230142
0.237000	1.231078
0.238000	1.232012
0.239000	1.232946
0.240000	1.233880
0.241000	1.234813
0.242000	1.235745
0.243000	1.236677
0.244000	1.237608
0.245000	1.238539
0.246000	1.239468
0.247000	1.240398
0.248000	1.241326
0.249000	1.242254
0.250000	1.243182
0.251000	1.244108
0.252000	1.245035
0.253000	1.245960
0.254000	1.246885
0.255000	1.247809
0.256000	1.248733
0.257000	1.249655
0.258000	1.250578
0.259000	1.251499
0.260000	1.252420
0.261000	1.253340
0.262000	1.254260
0.263000	1.255179
0.264000	1.256097
0.265000	1.257015
0.266000	1.257932
0.267000	1.258848
0.268000	1.259763
0.269000	1.260678
0.270000	1.261592
0.271000	1.262506
0.272000	1.263418
0.273000	1.264330
0.274000	1.265242
0.275000	1.266152
0.276000	1.267062
0.277000	1.267972
0.278000	1.268880
0.279000	1.269788
0.280000	1.270695
0.281000	1.271601
0.282000	1.272507
0.283000	1.273411
0.284000	1.274316
0.285000	1.275219
0.286000	1.276121
0.287000	1.277023
0.288000	1.277925
0.289000	1.278825
0.290000	1.279724
0.291000	1.280623
0.292000	1.281521
0.293000	1.282419
0.294000	1.283315
0.295000	1.284211
0.296000	1.285106
0.297000	1.286000
0.298000	1.286894
0.299000	1.287786
0.300000	1.288678
0.301000	1.289569
0.302000	1.290459
0.303000	1.291349
0.304000	1.292237
0.305000	1.293125
0.306000	1.294012
0.307000	1.294899
0.308000	1.295784
0.309000	1.296668
0.310000	1.297552
0.311000	1.298435
0.312000	1.299317
0.313000	1.300198
0.314000	1.301079
0.314999	1.301958
0.315999	1.302837
0.316999	1.303715
0.317999	1.304592
0.318999	1.305468
0.319999	1.306344
0.320999	1.307218
0.321999	1.308092
0.322999	1.308964
0.323999	1.309836
0.324999	1.310707
0.325999	1.311577
0.326999	1.312446
0.327999	1.313315
0.328999	1.314182
0.329999	1.315049
0.330999	1.315914
0.331999	1.316779
0.332999	1.317643
0.333999	1.318506
0.334999	1.319368
0.335999	1.320229
0.336999	1.321089
0.337999	1.321948
0.338999	1.322806
0.339999	1.323664
0.340999	1.324520
0.341999	1.325376
0.342999	1.326230
0.343999	1.327084
0.344999	1.327937
0.345999	1.328788
0.346999	1.329639
0.347999	1.330489
0.348999	1.331338
0.349999	1.332186
0.350999	1.333032
0.351999	1.333879
0.352999	1.334723
0.353999	1.335567
0.354999	1.336410
0.355999	1.337252
0.356999	1.338093
0.357999	1.338933
0.358999	1.339772
0.359999	1.340611
0.360999	1.341448
0.361999	1.342283
0.362999	1.343119
0.363999	1.343953
0.364999	1.344785
0.365999	1.345617
0.366999	1.346448
0.367999	1.347278
0.368999	1.348107
0.369999	1.348935
0.370999	1.349762
0.371999	1.350587
0.372999	1.351412
0.373999	1.352236
0.374999	1.353058
0.375999	1.353880
0.376999	1.354700
0.377999	1.355519
0.378999	1.356338
0.379999	1.357155
0.380999	1.357971
0.381999	1.358786
0.382999	1.359600
0.383999	1.360413
0.384999	1.361224
0.385999	1.362035
0.386999	1.362845
0.387999	1.363653
0.388999	1.364460
0.389999	1.365267
0.390999	1.366072
0.391998	1.366876
0.392998	1.367679
0.393998	1.368480
0.394998	1.369281
0.395998	1.370080
0.396998	1.370879
0.397998	1.371676
0.398998	1.372472
0.399998	1.373267
0.400998	1.374060
0.401998	1.374853
0.402998	1.375644
0.403998	1.376434
0.404998	1.377223
0.405998	1.378011
0.406998	1.378798
0.407998	1.379583
0.408998	1.380368
0.409998	1.381151
0.410998	1.381933
0.411998	1.382713
0.412998	1.383493
0.413998	1.384271
0.414998	1.385048
0.415998	1.385824
0.416998	1.386599
0.417998	1.387372
0.418998	1.388144
0.419998	1.388915
0.420998	1.389685
0.421998	1.390453
0.422998	1.391221
0.423998	1.391986
0.424998	1.392751
0.425998	1.393515
0.426998	1.394277
0.427998	1.395038
0.428998	1.395797
0.429998	1.396556
0.430998	1.397313
0.431998	1.398069
0.432998	1.398823
0.433998	1.399577
0.434998	1.400329
0.435998	1.401079
0.436998	1.401829
0.437998	1.402577
0.438998	1.403323
0.439998	1.404069
0.440998	1.404813
0.441998	1.405556
0.442998	1.406297
0.443998	1.407037
0.444998	1.407776
0.445998	1.408513
0.446998	1.409250
0.447998	1.409984
0.448998	1.410718
0.449998	1.411450
0.450998	1.412181
0.451998	1.412910
0.452998	1.413638
0.453998	1.414364
0.454998	1.415090
0.455998	1.415813
0.456998	1.416536
0.457998	1.417257
0.458998	1.417977
0.459998	1.418695
0.460998	1.419412
0.461998	1.420127
0.462998	1.420841
0.463998	1.421554
0.464998	1.422265
0.465998	1.422975
0.466998	1.423683
0.467998	1.424390
0.468998	1.425096
0.469997	1.425800
0.470997	1.426502
0.471997	1.427204
0.472997	1.427903
0.473997	1.428601
0.474997	1.429298
0.475997	1.429994
0.476997	1.430687
0.477997	1.431380
0.478997	1.432071
0.479997	1.432760
0.480997	1.433448
0.481997	1.434134
0.482997	1.434819
0.483997	1.435503
0.484997	1.436185
0.485997	1.436865
0.486997	1.437544
0.487997	1.438221
0.488997	1.438897
0.489997	1.439572
0.490997	1.440244
0.491997	1.440916
0.492997	1.441585
0.493997	1.442254
0.494997	1.442920
0.495997	1.443585
0.496997	1.444249
0.497997	1.444911
0.498997	1.445571
0.499997	1.446230
0.500997	1.446887
0.501997	1.447543
0.502997	1.448197
0.503997	1.448849
0.504997	1.449500
0.505997	1.450150
0.506997	1.450797
0.507997	1.451443
0.508997	1.452088
0.509997	1.452731
0.510997	1.453372
0.511997	1.454011
0.512997	1.454649
0.513997	1.455286
0.514997	1.455920
0.515997	1.456553
0.516997	1.457185
0.517997	1.457815
0.518997	1.458443
0.519997	1.459069
0.520997	1.459694
0.521997	1.460317
0.522997	1.460938
0.523997	1.461558
0.524997	1.462176
0.525997	1.462793
0.526997	1.463407
0.527997	1.464020
0.528997	1.464631
0.529997	1.465241
0.530997	1.465849
0.531997	1.466455
0.532997	1.467059
0.533997	1.467662
0.534997	1.468263
0.535997	1.468862
0.536997	1.469460
0.537997	1.470055
0.538997	1.470649
0.539997	1.471242
0.540997	1.471832
0.541997	1.472421
0.542997	1.473008
0.543997	1.473593
0.544997	1.474176
0.545997	1.474758
0.546997	1.475338
0.547997	1.475916
0.548997	1.476492
0.549996	1.477066
0.550996	1.477639
0.551996	1.478209
0.552996	1.478778
0.553996	1.479346
0.554996	1.479911
0.555996	1.480474
0.556996	1.481036
0.557996	1.481596
0.558996	1.482154
0.559996	1.482710
0.560996	1.483264
0.561996	1.483817
0.562996	1.484367
0.563996	1.484916
0.564996	1.485463
0.565996	1.486008
0.566996	1.486551
0.567996	1.487092
0.568996	1.487631
0.569996	1.488168
0.570996	1.488704
0.571996	1.489237
0.572996	1.489769
0.573996	1.490299
0.574996	1.490826
0.575996	1.491352
0.576996	1.491876
0.577996	1.492398
0.578996	1.492918
0.579996	1.493436
0.580996	1.493952
0.581996	1.494467
0.582996	1.494979
0.583996	1.495489
0.584996	1.495997
0.585996	1.496504
0.586996	1.497008
0.587996	1.497510
0.588996	1.498011
0.589996	1.498509
0.590996	1.499005
0.591996	1.499500
0.592996	1.499992
0.593996	1.500482
0.594996	1.500971
0.595996	1.501457
0.596996	1.501941
0.597996	1.502423
0.598996	1.502903
0.599996	1.503381
0.600996	1.503858
0.601996	1.504332
0.602996	1.504804
0.603996	1.505273
0.604996	1.505741
0.605996	1.506207
0.606996	1.506670
0.607996	1.507132
0.608996	1.507591
0.609996	1.508049
0.610996	1.508504
0.611996	1.508957
0.612996	1.509408
0.613996	1.509857
0.614996	1.510304
0.615996	1.510749
0.616996	1.511191
0.617996	1.511631
0.618996	1.512070
0.619996	1.512506
0.620996	1.512940
0.621996	1.513371
0.622996	1.513801
0.623996	1.514228
0.624996	1.514654
0.625996	1.515077
0.626996	1.515498
0.627995	1.515916
0.628995	1.516333
0.629995	1.516747
0.630995	1.517159
0.631995	1.517569
0.632995	1.517977
0.633995	1.518382
0.634995	1.518785
0.635995	1.519186
0.636995	1.519585
0.637995	1.519982
0.638995	1.520376
0.639995	1.520768
0.640995	1.521158
0.641995	1.521545
0.642995	1.521930
0.643995	1.522313
0.644995	1.522694
0.645995	1.523072
0.646995	1.523448
0.647995	1.523822
0.648995	1.524193
0.649995	1.524562
0.650995	1.524929
0.651995	1.525294
0.652995	1.525656
0.653995	1.526016
0.654995	1.526373
0.655995	1.526729
0.656995	1.527081
0.657995	1.527432
0.658995	1.527780
0.659995	1.528126
0.660995	1.528469
0.661995	1.528810
0.662995	1.529149
0.663995	1.529485
0.664995	1.529819
0.665995	1.530151
0.666995	1.530480
0.667995	1.530806
0.668995	1.531131
0.669995	1.531453
0.670995	1.531772
0.671995	1.532089
0.672995	1.532404
0.673995	1.532716
0.674995	1.533025
0.675995	1.533333
0.676995	1.533637
0.677995	1.533940
0.678995	1.534240
0.679995	1.534537
0.680995	1.534832
0.681995	1.535124
0.682995	1.535414
0.683995	1.535702
0.684995	1.535987
0.685995	1.536269
0.686995	1.536549
0.687995	1.536827
0.688995	1.537102
0.689995	1.537374
0.690995	1.537644
0.691995	1.537911
0.692995	1.538176
0.693995	1.538438
0.694995	1.538698
0.695995	1.538955
0.696995	1.539209
0.697995	1.539461
0.698995	1.539711
0.699995	1.539958
0.700995	1.540202
0.701995	1.540443
0.702995	1.540682
0.703995	1.540919
0.704994	1.541153
0.705994	1.541384
0.706994	1.541612
0.707994	1.541838
0.708994	1.542062
0.709994	1.542282
0.710994	1.542500
0.711994	1.542716
0.712994	1.542928
0.713994	1.543138
0.714994	1.543346
0.715994	1.543550
0.716994	1.543752
0.717994	1.543952
0.718994	1.544148
0.719994	1.544342
0.720994	1.544534
0.721994	1.544722
0.722994	1.544908
0.723994	1.545091
0.724994	1.545271
0.725994	1.545449
0.726994	1.545624
0.727994	1.545796
0.728994	1.545965
0.729994	1.546132
0.730994	1.546296
0.731994	1.546457
0.732994	1.546615
0.733994	1.546771
0.734994	1.546924
0.735994	1.547074
0.736994	1.547221
0.737994	1.547365
0.738994	1.547507
0.739994	1.547646
0.740994	1.547782
0.741994	1.547915
0.742994	1.548045
0.743994	1.548172
0.744994	1.548297
0.745994	1.548419
0.746994	1.548538
0.747994	1.548654
0.748994	1.548767
0.749994	1.548877
0.750994	1.548985
0.751994	1.549089
0.752994	1.549191
0.753994	1.549290
0.754994	1.549385
0.755994	1.549478
0.756994	1.549568
0.757994	1.549655
0.758994	1.549740
0.759994	1.549821
0.760994	1.549899
0.761994	1.549974
0.762994	1.550047
0.763994	1.550116
0.764994	1.550183
0.765994	1.550246
0.766994	1.550307
0.767994	1.550364
0.768994	1.550419
0.769994	1.550470
0.770994	1.550519
0.771994	1.550565
0.772994	1.550607
0.773994	1.550647
0.774994	1.550683
0.775994	1.550717
0.776994	1.550747
0.777994	1.550774
0.778994	1.550799
0.779994	1.550820
0.780994	1.550838
0.781994	1.550853
0.782993	1.550865
0.783993	1.550874
0.784993	1.550880
0.785993	1.550883
0.786993	1.550883
0.787993	1.550879
0.788993	1.550873
0.789993	1.550863
0.790993	1.550850
0.791993	1.550834
0.792993	1.550815
0.793993	1.550793
0.794993	1.550768
0.795993	1.550740
0.796993	1.550708
0.797993	1.550673
0.798993	1.550635
0.799993	1.550594
0.800993	1.550550
0.801993	1.550502
0.802993	1.550451
0.803993	1.550397
0.804993	1.550340
0.805993	1.550280
0.806993	1.550216
0.807993	1.550149
0.808993	1.550079
0.809993	1.550006
0.810993	1.549930
0.811993	1.549850
0.812993	1.549767
0.813993	1.549680
0.814993	1.549591
0.815993	1.549498
0.816993	1.549402
0.817993	1.549302
0.818993	1.549199
0.819993	1.549093
0.820993	1.548984
0.821993	1.548871
0.822993	1.548755
0.823993	1.548636
0.824993	1.548513
0.825993	1.548387
0.826993	1.548258
0.827993	1.548125
0.828993	1.547989
0.829993	1.547849
0.830993	1.547706
0.831993	1.547560
0.832993	1.547410
0.833993	1.547257
0.834993	1.547101
0.835993	1.546941
0.836993	1.546778
0.837993	1.546611
0.838993	1.546441
0.839993	1.546267
0.840993	1.546090
0.841993	1.545910
0.842993	1.545726
0.843993	1.545538
0.844993	1.545347
0.845993	1.545153
0.846993	1.544955
0.847993	1.544754
0.848993	1.544549
0.849993	1.544341
0.850993	1.544129
0.851993	1.543914
0.852993	1.543695
0.853993	1.543473
0.854993	1.543247
0.855993	1.543017
0.856993	1.542784
0.857993	1.542548
0.858993	1.542307
0.859993	1.542064
0.860992	1.541816
0.861992	1.541566
0.862992	1.541311
0.863992	1.541053
0.864992	1.540792
0.865992	1.540526
0.866992	1.540257
0.867992	1.539985
0.868992	1.539709
0.869992	1.539429
0.870992	1.539146
0.871992	1.538859
0.872992	1.538568
0.873992	1.538274
0.874992	1.537976
0.875992	1.537674
0.876992	1.537369
0.877992	1.537059
0.878992	1.536747
0.879992	1.536430
0.880992	1.536110
0.881992	1.535786
0.882992	1.535458
0.883992	1.535127
0.884992	1.534792
0.885992	1.534453
0.886992	1.534111
0.887992	1.533764
0.888992	1.533414
0.889992	1.533060
0.890992	1.532703
0.891992	1.532341
0.892992	1.531976
0.893992	1.531607
0.894992	1.531234
0.895992	1.530858
0.896992	1.530477
0.897992	1.530093
0.898992	1.529705
0.899992	1.529313
0.900992	1.528917
0.901992	1.528517
0.902992	1.528114
0.903992	1.527707
0.904992	1.527295
0.905992	1.526880
0.906992	1.526461
0.907992	1.526038
0.908992	1.525611
0.909992	1.525181
0.910992	1.524746
0.911992	1.524307
0.912992	1.523865
0.913992	1.523418
0.914992	1.522968
0.915992	1.522514
0.916992	1.522056
0.917992	1.521593
0.918992	1.521127
0.919992	1.520657
0.920992	1.520183
0.921992	1.519704
0.922992	1.519222
0.923992	1.518736
0.924992	1.518246
0.925992	1.517752
0.926992	1.517253
0.927992	1.516751
0.928992	1.516245
0.929992	1.515734
0.930992	1.515220
0.931992	1.514702
0.932992	1.514179
0.933992	1.513652
0.934992	1.513122
0.935992	1.512587
0.936992	1.512048
0.937991	1.511505
0.938991	1.510958
0.939991	1.510406
0.940991	1.509851
0.941991	1.509292
0.942991	1.508728
0.943991	1.508160
0.944991	1.507588
0.945991	1.507012
0.946991	1.506432
0.947991	1.505847
0.948991	1.505259
0.949991	1.504666
0.950991	1.504069
0.951991	1.503468
0.952991	1.502862
0.953991	1.502252
0.954991	1.501638
0.955991	1.501020
0.956991	1.500398
0.957991	1.499771
0.958991	1.499140
0.959991	1.498505
0.960991	1.497866
0.961991	1.497222
0.962991	1.496574
0.963991	1.495922
0.964991	1.495265
0.965991	1.494604
0.966991	1.493939
0.967991	1.493269
0.968991	1.492596
0.969991	1.491917
0.970991	1.491235
0.971991	1.490548
0.972991	1.489857
0.973991	1.489161
0.974991	1.488461
0.975991	1.487757
0.976991	1.487048
0.977991	1.486335
0.978991	1.485617
0.979991	1.484895
0.980991	1.484169
0.981991	1.483438
0.982991	1.482703
0.983991	1.481963
0.984991	1.481219
0.985991	1.480470
0.986991	1.479717
0.987991	1.478960
0.988991	1.478198
0.989991	1.477431
0.990991	1.476660
0.991991	1.475885
0.992991	1.475105
0.993991	1.474320
0.994991	1.473531
0.995991	1.472738
0.996991	1.471939
0.997991	1.471137
0.998991	1.470330
0.999991	1.469518
1.000991	1.468702
1.001991	1.467881
1.002991	1.467055
1.003991	1.466225
1.004991	1.465390
1.005991	1.464551
1.006991	1.463707
1.007991	1.462858
1.008991	1.462005
1.009991	1.461147
1.010991	1.460285
1.011991	1.459418
1.012991	1.458546
1.013991	1.457670
1.014991	1.456789
1.015991	1.455903
1.016991	1.455012
1.017992	1.454117
1.018992	1.453217
1.019992	1.452313
1.020992	1.451403
1.021992	1.450489
1.022992	1.449571
1.023992	1.448647
1.024992	1.447719
1.025992	1.446786
1.026992	1.445848
1.027992	1.444905
1.028992	1.443958
1.029992	1.443006
1.030992	1.442049
1.031992	1.441087
1.032992	1.440121
1.033992	1.439149
1.034992	1.438173
1.035992	1.437192
1.036992	1.436206
1.037992	1.435216
1.038993	1.434220
1.039993	1.433220
1.040993	1.432214
1.041993	1.431204
1.042993	1.430189
1.043993	1.429169
1.044993	1.428144
1.045993	1.427115
1.046993	1.426080
1.047993	1.425040
1.048993	1.423996
1.049993	1.422946
1.050993	1.421892
1.051993	1.420832
1.052993	1.419768
1.053993	1.418699
1.054993	1.417624
1.055993	1.416545
1.056993	1.415461
1.057993	1.414371
1.058993	1.413277
1.059994	1.412178
1.060994	1.411073
1.061994	1.409964
1.062994	1.408849
1.063994	1.407730
1.064994	1.406605
1.065994	1.405476
1.066994	1.404341
1.067994	1.403201
1.068994	1.402056
1.069994	1.400906
1.070994	1.399751
1.071994	1.398591
1.072994	1.397426
1.073994	1.396255
1.074994	1.395080
1.075994	1.393899
1.076994	1.392713
1.077994	1.391522
1.078994	1.390326
1.079994	1.389124
1.080994	1.387918
1.081995	1.386706
1.082995	1.385489
1.083995	1.384267
1.084995	1.383039
1.085995	1.381807
1.086995	1.380569
1.087995	1.379326
1.088995	1.378077
1.089995	1.376824
1.090995	1.375565
1.091995	1.374300
1.092995	1.373031
1.093995	1.371756
1.094995	1.370476
1.095995	1.369191
1.096995	1.367900
1.097995	1.366604
1.098995	1.365303
1.099995	1.363996
1.100995	1.362684
1.101995	-0.927262
1.102996	-0.926126
1.103996	-0.924990
1.104996	-0.923853
1.105996	-0.922715
1.106996	-0.921577
1.107996	-0.920438
1.108996	-0.919299
1.109996	-0.918158
1.110996	-0.917018
1.111996	-0.915876
1.112996	-0.914734
1.113996	-0.913591
1.114996	-0.912448
1.115996	-0.911304
1.116996	-0.910159
1.117996	-0.909013
1.118996	-0.907867
1.119996	-0.906721
1.120996	-0.905573
1.121996	-0.904425
1.122996	-0.903277
1.123996	-0.902127
1.124997	-0.900977
1.125997	-0.899827
1.126997	-0.898675
1.127997	-0.897524
1.128997	-0.896371
1.129997	-0.895217
1.130997	-0.894064
1.131997	-0.892909
1.132997	-0.891754
1.133997	-0.890598
1.134997	-0.889441
1.135997	-0.888284
1.136997	-0.887126
1.137997	-0.885967
1.138997	-0.884808
1.139997	-0.883648
1.140997	-0.882487
1.141997	-0.881325
1.142997	-0.880163
1.143997	-0.879000
1.144997	-0.877837
1.145998	-0.876673
1.146998	-0.875508
1.147998	-0.874343
1.148998	-0.873176
1.149998	-0.872009
1.150998	-0.870842
1.151998	-0.869673
1.152998	-0.868504
1.153998	-0.867335
1.154998	-0.866164
1.155998	-0.864993
1.156998	-0.863821
1.157998	-0.862649
1.158998	-0.861475
1.159998	-0.860302
1.160998	-0.859127
1.161998	-0.857951
1.162998	-0.856775
1.163998	-0.855599
1.164998	-0.854421
1.165998	-0.853243
1.166999	-0.852064
1.167999	-0.850884
1.168999	-0.849704
1.169999	-0.848523
1.170999	-0.847341
1.171999	-0.846159
1.172999	-0.844975
1.173999	-0.843791
1.174999	-0.842606
1.175999	-0.841421
1.176999	-0.840235
1.177999	-0.839048
1.178999	-0.837860
1.179999	-0.836672
1.180999	-0.835483
1.181999	-0.834293
1.182999	-0.833102
1.183999	-0.831911
1.184999	-0.830719
1.185999	-0.829526
1.186999	-0.828332
1.187999	-0.827138
1.189000	-0.825943
1.190000	-0.824747
1.191000	-0.823550
1.192000	-0.822353
1.193000	-0.821155
1.194000	-0.819956
1.195000	-0.818756
1.196000	-0.817556
1.197000	-0.816355
1.198000	-0.815153
1.199000	-0.813950
1.200000	-0.812747
1.201000	-0.811543
1.202000	-0.810338
1.203000	-0.809132
1.204000	-0.807925
1.205000	-0.806718
1.206000	-0.805510
1.207000	-0.804301
1.208000	-0.803091
1.209000	-0.801881
1.210001	-0.800670
1.211001	-0.799458
1.212001	-0.798245
1.213001	-0.797031
1.214001	-0.795817
1.215001	-0.794602
1.216001	-0.793386
1.217001	-0.792169
1.218001	-0.790952
1.219001	-0.789733
1.220001	-0.788514
1.221001	-0.787294
1.222001	-0.786074
1.223001	-0.784852
1.224001	-0.783630
1.225001	-0.782407
1.226001	-0.781183
1.227001	-0.779958
1.228001	-0.778732
1.229001	-0.777506
1.230001	-0.776279
1.231001	-0.775051
1.232002	-0.773822
1.233002	-0.772592
1.234002	-0.771362
1.235002	-0.770131
1.236002	-0.768898
1.237002	-0.767666
1.238002	-0.766432
1.239002	-0.765197
1.240002	-0.763962
1.241002	-0.762725
1.242002	-0.761488
1.243002	-0.760250
1.244002	-0.759012
1.245002	-0.757772
1.246002	-0.756531
1.247002	-0.755290
1.248002	-0.754048
1.249002	-0.752805
1.250002	-0.751561
1.251002	-0.750316
1.252002	-0.749071
1.253003	-0.747824
1.254003	-0.746577
1.255003	-0.745329
1.256003	-0.744080
1.257003	-0.742830
1.258003	-0.741579
1.259003	-0.740328
1.260003	-0.739075
1.261003	-0.737822
1.262003	-0.736568
1.263003	-0.735313
1.264003	-0.734057
1.265003	-0.732800
1.266003	-0.731542
1.267003	-0.730283
1.268003	-0.729024
1.269003	-0.727764
1.270003	-0.726502
1.271003	-0.725240
1.272003	-0.723977
1.273003	-0.722713
1.274004	-0.721448
1.275004	-0.720183
1.276004	-0.718916
1.277004	-0.717649
1.278004	-0.716380
1.279004	-0.715111
1.280004	-0.713841
1.281004	-0.712570
1.282004	-0.711297
1.283004	-0.710025
1.284004	-0.708751
1.285004	-0.707476
1.286004	-0.706200
1.287004	-0.704924
1.288004	-0.703646
1.289004	-0.702368
1.290004	-0.701088
1.291004	-0.699808
1.292004	-0.698527
1.293004	-0.697244
1.294004	-0.695961
1.295004	-0.694677
1.296005	-0.693392
1.297005	-0.692106
1.298005	-0.690819
1.299005	-0.689532
1.300005	-0.688243
1.301005	-0.686953
1.302005	-0.685663
1.303005	-0.684371
1.304005	-0.683078
1.305005	-0.681785
1.306005	-0.680490
1.307005	-0.679195
1.308005	-0.677899
1.309005	-0.676601
1.310005	-0.675303
1.311005	-0.674003
1.312005	-0.672703
1.313005	-0.671402
1.314005	-0.670100
1.315005	-0.668797
1.316005	-0.667492
1.317006	-0.666187
1.318006	-0.664881
1.319006	-0.663574
1.320006	-0.662266
1.321006	-0.660957
1.322006	-0.659646
1.323006	-0.658335
1.324006	-0.657023
1.325006	-0.655710
1.326006	-0.654396
1.327006	-0.653081
1.328006	-0.651765
1.329006	-0.650448
1.330006	-0.649129
1.331006	-0.647810
1.332006	-0.646490
1.333006	-0.645169
1.334006	-0.643847
1.335006	-0.642524
1.336006	-0.641199
1.337006	-0.639874
1.338006	-0.638548
1.339007	-0.637220
1.340007	-0.635892
1.341007	-0.634562
1.342007	-0.633232
1.343007	-0.631901
1.344007	-0.630568
1.345007	-0.629234
1.346007	-0.627900
1.347007	-0.626564
1.348007	-0.625227
1.349007	-0.623889
1.350007	-0.622551
1.351007	-0.621211
1.352007	-0.619870
1.353007	-0.618528
1.354007	-0.617184
1.355007	-0.615840
1.356007	-0.614495
1.357007	-0.613149
1.358007	-0.611801
1.359007	-0.610453
1.360008	-0.609103
1.361008	-0.607752
1.362008	-0.606401
1.363008	-0.605048
1.364008	-0.603694
1.365008	-0.602339
1.366008	-0.600983
1.367008	-0.599625
1.368008	-0.598267
1.369008	-0.596908
1.370008	-0.595547
1.371008	-0.594185
1.372008	-0.592823
1.373008	-0.591459
1.374008	-0.590093
1.375008	-0.588727
1.376008	-0.587360
1.377008	-0.585992
1.378008	-0.584622
1.379008	-0.583251
1.380008	-0.581880
1.381009	-0.580507
1.382009	-0.579132
1.383009	-0.577757
1.384009	-0.576381
1.385009	-0.575003
1.386009	-0.573625
1.387009	-0.572245
1.388009	-0.570864
1.389009	-0.569482
1.390009	-0.568098
1.391009	-0.566714
1.392009	-0.565328
1.393009	-0.563941
1.394009	-0.562553
1.395009	-0.561164
1.396009	-0.559774
1.397009	-0.558382
1.398009	-0.556989
1.399009	-0.555595
1.400009	-0.554200
1.401009	-0.552804
1.402009	-0.551406
1.403010	-0.550008
1.404010	-0.548608
1.405010	-0.547206
1.406010	-0.545804
1.407010	-0.544401
1.408010	-0.542996
1.409010	-0.541590
1.410010	-0.540182
1.411010	-0.538774
1.412010	-0.537364
1.413010	-0.535953
1.414010	-0.534541
1.415010	-0.533128
1.416010	-0.531713
1.417010	-0.530297
1.418010	-0.528880
1.419010	-0.527462
1.420010	-0.526042
1.421010	-0.524621
1.422010	-0.523199
1.423010	-0.521776
1.424011	-0.520351
1.425011	-0.518925
1.426011	-0.517498
1.427011	-0.516069
1.428011	-0.514639
1.429011	-0.513208
1.430011	-0.511776
1.431011	-0.510342
1.432011	-0.508907
1.433011	-0.507471
1.434011	-0.506033
1.435011	-0.504595
1.436011	-0.503154
1.437011	-0.501713
1.438011	-0.500270
1.439011	-0.498826
1.440011	-0.497381
1.441011	-0.495934
1.442011	-0.494486
1.443011	-0.493036
1.444011	-0.491586
1.445011	-0.490133
1.446012	-0.488680
1.447012	-0.487225
1.448012	-0.485769
1.449012	-0.484312
1.450012	-0.482853
1.451012	-0.481393
1.452012	-0.479931
1.453012	-0.478468
1.454012	-0.477004
1.455012	-0.475538
1.456012	-0.474071
1.457012	-0.472603
1.458012	-0.471133
1.459012	-0.469662
1.460012	-0.468189
1.461012	-0.466715
1.462012	-0.465239
1.463012	-0.463763
1.464012	-0.462285
1.465012	-0.460805
1.466012	-0.459324
1.467013	-0.457841
1.468013	-0.456358
1.469013	-0.454872
1.470013	-0.453385
1.471013	-0.451897
1.472013	-0.450408
1.473013	-0.448916
1.474013	-0.447424
1.475013	-0.445930
1.476013	-0.444435
1.477013	-0.442938
1.478013	-0.441439
1.479013	-0.439939
1.480013	-0.438438
1.481013	-0.436935
1.482013	-0.435431
1.483013	-0.433925
1.484013	-0.432418
1.485013	-0.430909
1.486013	-0.429399
1.487013	-0.427888
1.488014	-0.426374
1.489014	-0.424860
1.490014	-0.423343
1.491014	-0.421826
1.492014	-0.420306
1.493014	-0.418785
1.494014	-0.417263
1.495014	-0.415739
1.496014	-0.414214
1.497014	-0.412687
1.498014	-0.411158
1.499014	-0.409628
1.500014	-0.408097
1.501014	-0.406563
1.502014	-0.405029
1.503014	-0.403492
1.504014	-0.401954
1.505014	-0.400415
1.506014	-0.398874
1.507014	-0.397331
1.508014	-0.395787
1.509014	-0.394241
1.510015	-0.392693
1.511015	-0.391144
1.512015	-0.389594
1.513015	-0.388041
1.514015	-0.386487
1.515015	-0.384932
1.516015	-0.383375
1.517015	-0.381816
1.518015	-0.380255
1.519015	-0.378693
1.520015	-0.377129
1.521015	-0.375564
1.522015	-0.373997
1.523015	-0.372428
1.524015	-0.370857
1.525015	-0.369285
1.526015	-0.367711
1.527015	-0.366136
1.528015	-0.364559
1.529015	-0.362980
1.530015	-0.361399
1.531016	-0.359817
1.532016	-0.358233
1.533016	-0.356647
1.534016	-0.355059
1.535016	-0.353470
1.536016	-0.351879
1.537016	-0.350287
1.538016	-0.348692
1.539016	-0.347096
1.540016	-0.345498
1.541016	-0.343898
1.542016	-0.342297
1.543016	-0.340693
1.544016	-0.339088
1.545016	-0.337481
1.546016	-0.335873
1.547016	-0.334262
1.548016	-0.332650
1.549016	-0.331036
1.550016	-0.329420
1.551016	-0.327803
1.552016	-0.326183
1.553017	-0.324562
1.554017	-0.322938
1.555017	-0.321313
1.556017	-0.319687
1.557017	-0.318058
1.558017	-0.316427
1.559017	-0.314795
1.560017	-0.313160
1.561017	-0.311524
1.562017	-0.309886
1.563017	-0.308246
1.564017	-0.306604
1.565017	-0.304960
1.566017	-0.303314
1.567017	-0.301667
1.568017	-0.300017
1.569017	-0.298366
1.570017	-0.296712
1.571017	-0.295057
1.572017	-0.293400
1.573017	-0.291740
1.574018	-0.290079
1.575018	-0.288416
1.576018	-0.286751
1.577018	-0.285083
1.578018	-0.283414
1.579018	-0.281743
1.580018	-0.280070
1.581018	-0.278394
1.582018	-0.276717
1.583018	-0.275038
1.584018	-0.273357
1.585018	-0.271673
1.586018	-0.269988
1.587018	-0.268300
1.588018	-0.266611
1.589018	-0.264919
1.590018	-0.263226
1.591018	-0.261530
1.592018	-0.259832
1.593018	-0.258132
1.594018	-0.256430
1.595019	-0.254726
1.596019	-0.253020
1.597019	-0.251311
1.598019	-0.249601
1.599019	-0.247888
1.600019	-0.246173
1.601019	-0.244456
1.602019	-0.242737
1.603019	-0.241016
1.604019	-0.239292
1.605019	-0.237567
1.606019	-0.235839
1.607019	-0.234109
1.608019	-0.232376
1.609019	-0.230642
1.610019	-0.228905
1.611019	-0.227166
1.612019	-0.225425
1.613019	-0.223681
1.614019	-0.221935
1.615019	-0.220187
1.616019	-0.218437
1.617020	-0.216684
1.618020	-0.214929
1.619020	-0.213172
1.620020	-0.211413
1.621020	-0.209651
1.622020	-0.207886
1.623020	-0.206120
1.624020	-0.204351
1.625020	-0.202580
1.626020	-0.200806
1.627020	-0.199030
1.628020	-0.197252
1.629020	-0.195471
1.630020	-0.193688
1.631020	-0.191902
1.632020	-0.190114
1.633020	-0.188324
1.634020	-0.186531
1.635020	-0.184735
1.636020	-0.182937
1.637020	-0.181137
1.638021	-0.179334
1.639021	-0.177529
1.640021	-0.175721
1.641021	-0.173911
1.642021	-0.172098
1.643021	-0.170283
1.644021	-0.168465
1.645021	-0.166644
1.646021	-0.164821
1.647021	-0.162996
1.648021	-0.161167
1.649021	-0.159337
1.650021	-0.157503
1.651021	-0.155667
1.652021	-0.153828
1.653021	-0.151987
1.654021	-0.150143
1.655021	-0.148297
1.656021	-0.146447
1.657021	-0.144595
1.658021	-0.142741
1.659021	-0.140883
1.660022	-0.139023
1.661022	-0.137160
1.662022	-0.135295
1.663022	-0.133427
1.664022	-0.131556
1.665022	-0.129682
1.666022	-0.127805
1.667022	-0.125926
1.668022	-0.124044
1.669022	-0.122158
1.670022	-0.120270
1.671022	-0.118380
1.672022	-0.116486
1.673022	-0.114590
1.674022	-0.112690
1.675022	-0.110788
1.676022	-0.108883
1.677022	-0.106975
1.678022	-0.105064
1.679022	-0.103150
1.680022	-0.101233
1.681023	-0.099313
1.682023	-0.097390
1.683023	-0.095464
1.684023	-0.093535
1.685023	-0.091603
1.686023	-0.089668
1.687023	-0.087730
1.688023	-0.085789
1.689023	-0.083844
1.690023	-0.081897
1.691023	-0.079947
1.692023	-0.077993
1.693023	-0.076036
1.694023	-0.074076
1.695023	-0.072113
1.696023	-0.070147
1.697023	-0.068177
1.698023	-0.066205
1.699023	-0.064229
1.700023	-0.062250
1.701023	-0.060267
1.702024	-0.058281
1.703024	-0.056292
1.704024	-0.054300
1.705024	-0.052304
1.706024	-0.050305
1.707024	-0.048303
1.708024	-0.046297
1.709024	-0.044288
1.710024	-0.042275
1.711024	-0.040259
1.712024	-0.038240
1.713024	-0.036217
1.714024	-0.034190
1.715024	-0.032160
1.716024	-0.030127
1.717024	-0.028090
1.718024	-0.026049
1.719024	-0.024005
1.720024	-0.021958
1.721024	-0.019906
1.722024	-0.017851
1.723024	-0.015793
1.724025	-0.013730
1.725025	-0.011664
1.726025	-0.009595
1.727025	-0.007521
1.728025	-0.005444
1.729025	-0.003363
1.730025	-0.001279
1.731025	0.000810
1.732025	0.002902
1.733025	0.004998
1.734025	0.007098
1.735025	0.009202
1.736025	0.011310
1.737025	0.013422
1.738025	0.015537
1.739025	0.017657
1.740025	0.019781
1.741025	0.021908
1.742025	0.024040
1.743025	0.026176
1.744025	0.028316
1.745026	0.030460
1.746026	0.032608
1.747026	0.034760
1.748026	0.036916
1.749026	0.039077
1.750026	0.041242
1.751026	0.043411
1.752026	0.045584
1.753026	0.047762
1.754026	0.049944
1.755026	0.052130
1.756026	0.054321
1.757026	0.056516
1.758026	0.058716
1.759026	0.060920
1.760026	0.063128
1.761026	0.065341
1.762026	0.067559
1.763026	0.069781
1.764026	0.072008
1.765026	0.074239
1.766026	0.076475
1.767027	0.078716
1.768027	0.080961
1.769027	0.083211
1.770027	0.085466
1.771027	0.087726
1.772027	0.089990
1.773027	0.092259
1.774027	0.094534
1.775027	0.096813
1.776027	0.099097
1.777027	0.101386
1.778027	0.103680
1.779027	0.105979
1.780027	0.108283
1.781027	0.110593
1.782027	0.112907
1.783027	0.115227
1.784027	0.117552
1.785027	0.119882
1.786027	0.122217
1.787027	0.124558
1.788028	0.126904
1.789028	0.129255
1.790028	0.131612
1.791028	0.133975
1.792028	0.136342
1.793028	0.138716
1.794028	0.141095
1.795028	0.143480
1.796028	0.145870
1.797028	0.148266
1.798028	0.150668
1.799028	0.153075
1.800028	0.155488
1.801028	0.157908
1.802028	0.160333
1.803028	0.162764
1.804028	0.165201
1.805028	0.167644
1.806028	0.170093
1.807028	0.172549
1.808028	0.175010
1.809029	0.177478
1.810029	0.179952
1.811029	0.182432
1.812029	0.184919
1.813029	0.187412
1.814029	0.189912
1.815029	0.192418
1.816029	0.194930
1.817029	0.197450
1.818029	0.199976
1.819029	0.202509
1.820029	0.205048
1.821029	0.207594
1.822029	0.210148
1.823029	0.212708
1.824029	0.215275
1.825029	0.217849
1.826029	0.220431
1.827029	0.223019
1.828029	0.225615
1.829029	0.228218
1.830029	0.230828
1.831030	0.233446
1.832030	0.236072
1.833030	0.238705
1.834030	0.241345
1.835030	0.243993
1.836030	0.246649
1.837030	0.249313
1.838030	0.251985
1.839030	0.254665
1.840030	0.257352
1.841030	0.260048
1.842030	0.262752
1.843030	0.265464
1.844030	0.268185
1.845030	0.270914
1.846030	0.273652
1.847030	0.276398
1.848030	0.279152
1.849030	0.281916
1.850030	0.284688
1.851030	0.287470
1.852031	0.290260
1.853031	0.293059
1.854031	0.295868
1.855031	0.298685
1.856031	0.301512
1.857031	0.304349
1.858031	0.307195
1.859031	0.310051
1.860031	0.312916
1.861031	0.315792
1.862031	0.318677
1.863031	0.321572
1.864031	0.324478
1.865031	0.327393
1.866031	0.330320
1.867031	0.333256
1.868031	0.336204
1.869031	0.339162
1.870031	0.342130
1.871031	0.345110
1.872031	0.348101
1.873031	0.351103
1.874032	0.354117
1.875032	0.357142
1.876032	0.360178
1.877032	0.363227
1.878032	0.366287
1.879032	0.369359
1.880032	0.372443
1.881032	0.375540
1.882032	0.378649
1.883032	0.381771
1.884032	0.384906
1.885032	0.388053
1.886032	0.391214
1.887032	0.394388
1.888032	0.397575
1.889032	0.400777
1.890032	0.403992
1.891032	0.407220
1.892032	0.410463
1.893032	0.413721
1.894032	0.416993
1.895033	0.420279
1.896033	0.423581
1.897033	0.426898
1.898033	0.430230
1.899033	0.433578
1.900033	0.436942
1.901033	0.440322
1.902033	0.443718
1.903033	0.447131
1.904033	0.450560
1.905033	0.454007
1.906033	0.457471
1.907033	0.460952
1.908033	0.464452
1.909033	0.467969
1.910033	0.471505
1.911033	0.475060
1.912033	0.478634
1.913033	0.482227
1.914033	0.485840
1.915033	0.489473
1.916034	0.493126
1.917034	0.496800
1.918034	0.500495
1.919034	0.504212
1.920034	0.507950
1.921034	0.511711
1.922034	0.515494
1.923034	0.519301
1.924034	0.523131
1.925034	0.526985
1.926034	0.530863
1.927034	0.534767
1.928034	0.538695
1.929034	0.542650
1.930034	0.546632
1.931034	0.550640
1.932034	0.554676
1.933034	0.558740
1.934034	0.562833
1.935034	0.566956
1.936034	0.571109
1.937034	0.575292
1.938035	0.579507
1.939035	0.583755
1.940035	0.588035
1.941035	0.592350
1.942035	0.596699
1.943035	0.601084
1.944035	0.605505
1.945035	0.609963
1.946035	0.614461
1.947035	0.618997
1.948035	0.623574
1.949035	0.628193
1.950035	0.632855
1.951035	0.637561
1.952035	0.642313
1.953035	0.647112
1.954035	0.651958
1.955035	0.656855
1.956035	0.661803
1.957035	0.666805
1.958035	0.671862
1.959036	0.676975
1.960036	0.682148
1.961036	0.687382
1.962036	0.692679
1.963036	0.698042
1.964036	0.703473
1.965036	0.708976
1.966036	0.714553
1.967036	0.720207
1.968036	0.725942
1.969036	0.731762
1.970036	0.737670
1.971036	0.743671
1.972036	0.749769
1.973036	0.755970
1.974036	0.762279
1.975036	0.768702
1.976036	0.775245
1.977036	0.781917
1.978036	0.788724
1.979036	0.795677
1.980036	0.802784
1.981037	0.810057
1.982037	0.817509
1.983037	0.825154
1.984037	0.833008
1.985037	0.841090
1.986037	0.849421
1.987037	0.858028
1.988037	0.866939
1.989037	0.876192
1.990037	0.885829
1.991037	0.895904
1.992037	0.906486
1.993037	0.917662
1.994037	0.929546
1.995037	0.942299
1.996037	0.956150
1.997037	0.971452
1.998037	0.988803
1.999037	1.009376
2.000037	1.036247
